      0.00000
     0.110000
     0.220000
     0.330000
     0.440000
     0.550000
     0.660000
     0.770000
     0.880000
     0.990000
      1.07270
      1.15390
      1.20720
      1.21690
      1.16140
      1.04780
     0.922100
     0.782600
     0.716300
     0.709100
     0.726900
     0.759500
     0.798100
     0.842900
     0.888200
     0.935200
     0.984200
     0.988200
     0.988338
     0.994610
      1.00200
      1.00675
      1.00944
      1.01156
      1.01457
      1.02000
      1.02899
      1.04043
      1.05285
      1.06485
      1.07500
      1.08211
      1.08641
      1.08828
      1.08785
      1.08500
      1.07958
      1.07203
      1.06277
      1.05206
      1.04000
      1.02664
      1.01224
     0.997065
     0.981282
     0.965000
     0.948265
     0.931034
     0.913204
     0.894608
     0.875000
     0.854181
     0.832447
     0.810147
     0.787577
     0.765000
     0.742590
     0.720171
     0.697475
     0.674203
     0.650000
     0.624569
     0.598123
     0.570930
     0.543179
     0.515000
     0.486482
     0.457693
     0.428674
     0.399444
     0.370000
     0.340331
     0.310474
     0.280458
     0.250300
     0.220000
     0.189578
     0.159175
     0.128972
    0.0991665
    0.0700000
    0.0416458
    0.0138229
   -0.0138283
   -0.0416495
   -0.0700000
   -0.0991610
    -0.128961
    -0.159162
    -0.189566
    -0.220000
    -0.250321
    -0.280502
    -0.310530
    -0.340378
    -0.370000
    -0.399319
    -0.428200
    -0.456458
    -0.483839
    -0.510000
    -0.534660
    -0.558141
    -0.580830
    -0.603032
    -0.625000
    -0.646930
    -0.668874
    -0.690851
    -0.712884
    -0.735000
    -0.757176
    -0.779145
    -0.800559
    -0.821013
    -0.840000
    -0.857073
    -0.872440
    -0.886347
    -0.898884
    -0.910000
    -0.919599
    -0.927841
    -0.934848
    -0.940613
    -0.945000
    -0.947840
    -0.949251
    -0.949313
    -0.947965
    -0.945000
    -0.940225
    -0.934000
    -0.926714
    -0.918647
    -0.910000
    -0.900829
    -0.890811
    -0.879456
    -0.866131
    -0.850000
    -0.830432
    -0.808439
    -0.785279
    -0.762089
    -0.740000
    -0.719965
    -0.701957
    -0.685866
    -0.671781
    -0.660000
    -0.651119
    -0.646261
    -0.647028
    -0.655607
    -0.675000
    -0.707235
    -0.747226
    -0.788592
    -0.825098
    -0.850000
    -0.857208
    -0.846279
    -0.816742
    -0.766184
    -0.690000
    -0.584285
    -0.455615
    -0.311543
    -0.158018
      0.00000
     0.158018
     0.311543
     0.455615
     0.584285
     0.690000
     0.766184
     0.816742
     0.846279
     0.857208
     0.850000
     0.825098
     0.788592
     0.747226
     0.707235
     0.675000
     0.655607
     0.647028
     0.646261
     0.651119
     0.660000
     0.671781
     0.685866
     0.701957
     0.719965
     0.740000
     0.762089
     0.785279
     0.808439
     0.830432
     0.850000
     0.866131
     0.879456
     0.890811
     0.900829
     0.910000
     0.918647
     0.926714
     0.934000
     0.940225
     0.945000
     0.947965
     0.949313
     0.949251
     0.947840
     0.945000
     0.940613
     0.934848
     0.927841
     0.919599
     0.910000
     0.898884
     0.886347
     0.872440
     0.857073
     0.840000
     0.821013
     0.800559
     0.779145
     0.757176
     0.735000
     0.712884
     0.690851
     0.668874
     0.646930
     0.625000
     0.603032
     0.580830
     0.558141
     0.534660
     0.510000
     0.483839
     0.456458
     0.428200
     0.399319
     0.370000
     0.340378
     0.310530
     0.280502
     0.250321
     0.220000
     0.189566
     0.159162
     0.128961
    0.0991610
    0.0700000
    0.0416495
    0.0138283
   -0.0138229
   -0.0416458
   -0.0700000
   -0.0991665
    -0.128972
    -0.159175
    -0.189578
    -0.220000
    -0.250300
    -0.280458
    -0.310474
    -0.340331
    -0.370000
    -0.399444
    -0.428674
    -0.457693
    -0.486482
    -0.515000
    -0.543179
    -0.570930
    -0.598123
    -0.624569
    -0.650000
    -0.674203
    -0.697475
    -0.720171
    -0.742590
    -0.765000
    -0.787577
    -0.810147
    -0.832446
    -0.854181
    -0.875000
    -0.894608
    -0.913205
    -0.931035
    -0.948265
    -0.965000
    -0.981281
    -0.997062
     -1.01224
     -1.02663
     -1.04000
     -1.05207
     -1.06278
     -1.07204
     -1.07959
     -1.08500
     -1.08782
     -1.08823
     -1.08634
     -1.08205
     -1.07500
     -1.06496
     -1.05307
     -1.04071
     -1.02922
     -1.02000
     -1.01411
     -1.01053
     -1.00788
     -1.00488
     -1.00020
    -0.993384
    -0.987855
    -0.988200
    -0.984200
    -0.935200
    -0.888200
    -0.842900
    -0.798100
    -0.759500
    -0.726900
    -0.709100
    -0.716300
    -0.782600
    -0.922100
     -1.04780
     -1.16140
     -1.21690
     -1.20720
     -1.15390
     -1.07270
    -0.990000
    -0.880000
    -0.770000
    -0.660000
    -0.550000
    -0.440000
    -0.330000
    -0.220000
    -0.110000
   0.00640000
   0.00640000
   0.00660000
   0.00690000
   0.00730000
   0.00810000
   0.00900000
   0.00970000
    0.0105000
    0.0113000
    0.0128000
    0.0140000
    0.0155000
    0.0172000
    0.0191000
    0.0213000
    0.0237000
     0.138000
     0.252000
     0.274000
     0.297000
     0.320000
     0.344000
     0.369000
     0.394000
     0.420000
     0.446000
     0.473000
     0.503171
     0.535904
     0.570000
     0.604562
     0.639369
     0.674385
     0.709594
     0.745000
     0.780581
     0.816138
     0.851421
     0.886154
     0.920000
     0.952675
     0.984348
      1.01522
      1.04542
      1.07500
      1.10397
      1.13243
      1.16041
      1.18795
      1.21500
      1.24153
      1.26766
      1.29354
      1.31929
      1.34500
      1.37073
      1.39632
      1.42157
      1.44624
      1.47000
      1.49260
      1.51423
      1.53509
      1.55532
      1.57500
      1.59415
      1.61278
      1.63086
      1.64832
      1.66500
      1.68075
      1.69562
      1.70967
      1.72284
      1.73500
      1.74601
      1.75597
      1.76498
      1.77302
      1.78000
      1.78579
      1.79056
      1.79448
      1.79763
      1.80000
      1.80156
      1.80236
      1.80242
      1.80168
      1.80000
      1.79726
      1.79367
      1.78948
      1.78488
      1.78000
      1.77492
      1.76955
      1.76375
      1.75732
      1.75000
      1.74157
      1.73219
      1.72207
      1.71132
      1.70000
      1.68812
      1.67570
      1.66276
      1.64923
      1.63500
      1.61996
      1.60427
      1.58813
      1.57167
      1.55500
      1.53816
      1.52099
      1.50328
      1.48474
      1.46500
      1.44376
      1.42131
      1.39803
      1.37419
      1.35000
      1.32562
      1.30102
      1.27613
      1.25084
      1.22500
      1.19846
      1.17124
      1.14331
      1.11462
      1.08500
      1.05431
      1.02276
     0.990583
     0.957956
     0.925000
     0.891786
     0.858280
     0.824403
     0.790033
     0.755000
     0.719187
     0.682901
     0.646521
     0.610421
     0.575000
     0.540657
     0.507615
     0.476156
     0.446730
     0.420000
     0.396510
     0.375540
     0.356235
     0.337915
     0.320000
     0.302054
     0.284034
     0.265987
     0.247960
     0.230000
     0.212135
     0.194298
     0.176398
     0.158336
     0.140000
     0.121371
     0.102908
    0.0852124
    0.0689655
    0.0550000
    0.0440500
    0.0358113
    0.0299261
    0.0262818
    0.0250000
    0.0262818
    0.0299261
    0.0358113
    0.0440500
    0.0550000
    0.0689655
    0.0852124
     0.102908
     0.121371
     0.140000
     0.158336
     0.176398
     0.194298
     0.212135
     0.230000
     0.247960
     0.265987
     0.284034
     0.302054
     0.320000
     0.337915
     0.356235
     0.375540
     0.396510
     0.420000
     0.446730
     0.476156
     0.507615
     0.540657
     0.575000
     0.610421
     0.646521
     0.682901
     0.719187
     0.755000
     0.790033
     0.824403
     0.858280
     0.891786
     0.925000
     0.957956
     0.990583
      1.02276
      1.05431
      1.08500
      1.11462
      1.14331
      1.17124
      1.19846
      1.22500
      1.25084
      1.27613
      1.30102
      1.32562
      1.35000
      1.37419
      1.39803
      1.42131
      1.44376
      1.46500
      1.48474
      1.50328
      1.52099
      1.53816
      1.55500
      1.57167
      1.58813
      1.60427
      1.61996
      1.63500
      1.64923
      1.66276
      1.67570
      1.68812
      1.70000
      1.71132
      1.72207
      1.73219
      1.74157
      1.75000
      1.75732
      1.76375
      1.76955
      1.77492
      1.78000
      1.78488
      1.78948
      1.79367
      1.79726
      1.80000
      1.80168
      1.80242
      1.80236
      1.80156
      1.80000
      1.79763
      1.79448
      1.79056
      1.78579
      1.78000
      1.77302
      1.76498
      1.75597
      1.74601
      1.73500
      1.72284
      1.70967
      1.69562
      1.68075
      1.66500
      1.64832
      1.63086
      1.61278
      1.59415
      1.57500
      1.55532
      1.53509
      1.51423
      1.49260
      1.47000
      1.44624
      1.42157
      1.39632
      1.37073
      1.34500
      1.31929
      1.29354
      1.26766
      1.24153
      1.21500
      1.18795
      1.16041
      1.13243
      1.10397
      1.07500
      1.04542
      1.01522
     0.984348
     0.952675
     0.920000
     0.886154
     0.851421
     0.816138
     0.780581
     0.745000
     0.709594
     0.674385
     0.639369
     0.604562
     0.570000
     0.535904
     0.503171
     0.473000
     0.446000
     0.420000
     0.394000
     0.369000
     0.344000
     0.320000
     0.297000
     0.274000
     0.252000
     0.138000
    0.0237000
    0.0213000
    0.0191000
    0.0172000
    0.0155000
    0.0140000
    0.0128000
    0.0113000
    0.0105000
   0.00970000
   0.00900000
   0.00810000
   0.00730000
   0.00690000
   0.00660000
   0.00640000
  1.86265e-09
  0.000334424
 -9.31323e-10
  0.000460471
   0.00140000
   0.00226341
   0.00320000
   0.00443655
   0.00580000
   0.00711840
   0.00860000
    0.0118000
    0.0160000
   0.00420000
  -0.00900000
   -0.0248000
   -0.0396000
   -0.0636000
   -0.0724000
   -0.0766416
   -0.0810000
   -0.0856931
   -0.0924000
    -0.102118
    -0.111200
    -0.116363
    -0.120600
    -0.127350
    -0.135800
    -0.144411
    -0.152600
    -0.160006
    -0.166302
    -0.171082
    -0.173800
    -0.174115
    -0.173075
    -0.171997
    -0.172200
    -0.174694
    -0.179000
    -0.184625
    -0.192182
    -0.202605
    -0.214693
    -0.225000
    -0.230834
    -0.233205
    -0.233828
    -0.234250
    -0.236000
    -0.240236
    -0.246348
    -0.253405
    -0.260567
    -0.267000
    -0.272083
    -0.276185
    -0.279860
    -0.283624
    -0.288000
    -0.293305
    -0.298887
    -0.303853
    -0.307256
    -0.308000
    -0.305270
    -0.300060
    -0.293659
    -0.287247
    -0.282000
    -0.278880
    -0.277735
    -0.278272
    -0.280357
    -0.284000
    -0.289104
    -0.294690
    -0.299568
    -0.302485
    -0.302000
    -0.297328
    -0.291196
    -0.287166
    -0.288997
    -0.301000
    -0.321000
    -0.326863
    -0.324599
    -0.328637
    -0.354000
    -0.401000
    -0.421542
    -0.415512
    -0.397018
    -0.379000
    -0.371337
    -0.372411
    -0.378322
    -0.385623
    -0.391000
    -0.391919
    -0.389303
    -0.384708
    -0.379503
    -0.375000
    -0.372195
    -0.370707
    -0.369895
    -0.369182
    -0.368000
    -0.365956
    -0.363449
    -0.361054
    -0.359354
    -0.359000
    -0.360498
    -0.363445
    -0.367305
    -0.371625
    -0.376000
    -0.380036
    -0.383352
    -0.385510
    -0.385962
    -0.384000
    -0.379388
    -0.374444
    -0.372151
    -0.375741
    -0.389000
    -0.410000
    -0.418473
    -0.416633
    -0.413263
    -0.417000
    -0.431000
    -0.439775
    -0.441703
    -0.439624
    -0.436000
    -0.432711
    -0.429903
    -0.427331
    -0.424771
    -0.422000
    -0.418794
    -0.414964
    -0.410279
    -0.404431
    -0.397000
    -0.387723
    -0.377388
    -0.366984
    -0.357498
    -0.350000
    -0.345316
    -0.342798
    -0.341569
    -0.340871
    -0.340000
    -0.338360
    -0.335800
    -0.332210
    -0.327384
    -0.321000
    -0.312710
    -0.302470
    -0.290175
    -0.275525
    -0.258000
    -0.237175
    -0.213782
    -0.188674
    -0.162548
    -0.136000
    -0.109489
   -0.0830693
   -0.0567030
   -0.0303569
  -0.00400000
    0.0223906
    0.0488039
    0.0752219
     0.101627
     0.128000
     0.154259
     0.180071
     0.205000
     0.228526
     0.250000
     0.268835
     0.285230
     0.299411
     0.311397
     0.321000
     0.328037
     0.333000
     0.336414
     0.338657
     0.340000
     0.340717
     0.341382
     0.342653
     0.345246
     0.350000
     0.357534
     0.367028
     0.377422
     0.387740
     0.397000
     0.404422
     0.410269
     0.414955
     0.418790
     0.422000
     0.424773
     0.427333
     0.429905
     0.432711
     0.436000
     0.439624
     0.441703
     0.439775
     0.431000
     0.417000
     0.413263
     0.416633
     0.418473
     0.410000
     0.389000
     0.375741
     0.372151
     0.374444
     0.379388
     0.384000
     0.385962
     0.385510
     0.383352
     0.380036
     0.376000
     0.371625
     0.367305
     0.363445
     0.360498
     0.359000
     0.359354
     0.361054
     0.363449
     0.365956
     0.368000
     0.369182
     0.369895
     0.370707
     0.372195
     0.375000
     0.379503
     0.384708
     0.389303
     0.391919
     0.391000
     0.385623
     0.378322
     0.372411
     0.371337
     0.379000
     0.397018
     0.415512
     0.421542
     0.401000
     0.354000
     0.328637
     0.324599
     0.326863
     0.321000
     0.301000
     0.288997
     0.287166
     0.291196
     0.297328
     0.302000
     0.302485
     0.299568
     0.294690
     0.289104
     0.284000
     0.280357
     0.278272
     0.277735
     0.278880
     0.282000
     0.287247
     0.293659
     0.300060
     0.305270
     0.308000
     0.307256
     0.303853
     0.298887
     0.293305
     0.288000
     0.283624
     0.279860
     0.276185
     0.272083
     0.267000
     0.260567
     0.253405
     0.246347
     0.240236
     0.236000
     0.234250
     0.233829
     0.233206
     0.230834
     0.225000
     0.214692
     0.202604
     0.192185
     0.184632
     0.179000
     0.174677
     0.172200
     0.172082
     0.173249
     0.174294
     0.173800
     0.170685
     0.165542
     0.159256
     0.152600
     0.146122
     0.139600
     0.132874
     0.126800
     0.122074
     0.117600
     0.112385
     0.107600
     0.104668
     0.103800
     0.104010
     0.100200
    0.0874000
    0.0668000
    0.0432000
    0.0196000
  -0.00260000
   -0.0130000
   -0.0130000
   -0.0110000
   -0.0101641
  -0.00960000
  -0.00838045
  -0.00800000
  -0.00968767
   -0.0110000
  -0.00943579
  -0.00600000
  -0.00239009
