        1630
      1.74857
    -0.289356
     -1.46000
      1.66562
    -0.918756
    -0.720000
      3.71362
     0.343883
   -0.0400000
      3.80833
     -1.05458
   -0.0100000
      4.85879
     0.675278
    0.0300000
      1.34958
     0.801043
    0.0800000
      1.35146
    -0.145158
     0.120000
      1.98124
    0.0956683
     0.380000
     0.410109
     -1.00784
     0.460000
      1.52610
     0.128956
     0.500000
      3.65107
     -1.04529
     0.610000
      5.17448
     0.150171
     0.770000
      1.17889
     0.284634
     0.850000
      4.29034
    -0.457451
     0.960000
      3.49032
    -0.185693
     0.980000
      2.00362
     0.493366
      1.14000
      5.98703
    -0.526256
      1.16000
      3.32431
     -1.03222
      1.25000
      5.40189
     0.784050
      1.25000
      3.23337
     -1.09161
      1.33000
      3.80833
     -1.05458
      1.33000
      2.63129
     0.217400
      1.35000
      1.80945
    -0.503280
      1.50000
      3.25337
    -0.987042
      1.63000
      4.56760
    -0.646310
      1.63000
      1.39525
     0.109243
      1.64000
      1.39613
     0.497821
      1.65000
      2.40901
     -1.20961
      1.68000
      1.44486
   -0.0220930
      1.70000
      3.23340
     -1.09162
      1.73000
      5.76801
    -0.828076
      1.74000
      3.35814
     0.986155
      1.77000
      2.12254
    -0.821032
      1.78000
     0.860360
     0.864030
      1.79000
      2.86915
      1.08718
      1.79000
      1.85147
    -0.457877
      1.84000
      4.78889
    -0.600951
      1.85000
      2.18368
     -1.03302
      1.86000
      3.59363
     0.869392
      1.86000
      4.58206
    -0.749343
      1.87000
      1.53673
     0.784307
      1.90000
      4.35491
     -1.20155
      1.92000
      1.71014
     0.287713
      1.93000
      5.31339
    -0.995807
      1.94000
      2.27740
    -0.948446
      1.96000
      1.65062
    -0.312521
      1.98000
      1.95571
     0.560382
      1.98000
      2.45513
    -0.143553
      1.98000
     0.530289
     0.401246
      2.00000
      4.16836
     0.457339
      2.00000
     0.360243
      1.54940
      2.02000
      4.92648
    -0.461131
      2.02000
     0.168293
    -0.323506
      2.04000
      1.46482
   -0.0348242
      2.05000
    0.0140354
     0.498088
      2.06000
     0.279820
     0.612446
      2.06000
      1.49668
    -0.169384
      2.06000
      3.66866
    -0.626190
      2.06000
      3.88768
      1.30139
      2.08000
      4.58276
     0.220484
      2.08000
      5.91971
    -0.827417
      2.10000
     0.792634
     0.708090
      2.12000
      3.07160
     0.264088
      2.14000
      3.29867
    -0.844924
      2.17000
      5.31731
     0.697022
      2.20000
      2.37503
    -0.750996
      2.21000
     0.151967
     0.977190
      2.23000
      1.42636
  -0.00651105
      2.23000
      4.05987
     0.472131
      2.23000
      4.68745
     0.898854
      2.23000
      2.09469
    -0.693269
      2.25000
      2.41908
     -1.02722
      2.25000
     0.513810
     0.730420
      2.26000
    0.0167406
      1.02273
      2.27000
      3.49022
     0.967741
      2.27000
      4.37940
    -0.595361
      2.29000
      3.54977
    -0.924288
      2.30000
      3.81911
    -0.819587
      2.30000
      3.79240
    -0.728127
      2.31000
      4.16444
    -0.389858
      2.32000
      2.86151
     0.993417
      2.37000
    0.0931206
    -0.747854
      2.39000
      5.66915
     0.164347
      2.39000
      4.60579
    -0.680300
      2.41000
      6.01670
     0.480669
      2.42000
      4.47084
    -0.272291
      2.43000
      3.09173
     0.946856
      2.44000
      5.56844
      1.08493
      2.44000
      1.92047
    -0.508031
      2.45000
      5.41996
     0.586353
      2.46000
     0.221082
      1.05026
      2.47000
      6.02042
     0.255991
      2.49000
      2.43917
    -0.952664
      2.50000
     0.772526
    0.0645336
      2.53000
      3.61850
    -0.816741
      2.55000
      2.91815
     0.367770
      2.56000
      4.32689
    -0.180899
      2.56000
      1.43256
    -0.312307
      2.58000
      3.18811
    -0.296473
      2.59000
      3.15544
    -0.875554
      2.60000
      4.95783
    -0.524001
      2.60000
      2.68109
     0.355131
      2.61000
      3.97771
    -0.157322
      2.61000
      1.53982
     0.649364
      2.62000
      4.18713
    -0.340892
      2.62000
     0.476097
     0.354636
      2.64000
      1.46619
    -0.595632
      2.64000
      3.26870
    -0.398696
      2.65000
      4.09865
     0.117640
      2.65000
     0.345873
      1.04223
      2.68000
      3.62122
     0.329848
      2.68000
      3.89200
    -0.745799
      2.68000
      1.26745
     0.576094
      2.69000
      2.80329
    -0.853321
      2.69000
      3.27780
     -1.19702
      2.69000
      4.55515
    -0.649539
      2.69000
      1.89198
    -0.644337
      2.70000
      3.84242
     0.479893
      2.70000
      4.77606
    -0.521340
      2.70000
      5.15529
     0.180981
      2.72000
      4.22851
   -0.0599860
      2.74000
      4.28755
      1.07758
      2.74000
      3.46873
    -0.631543
      2.75000
      3.86305
    -0.272727
      2.75000
      2.78986
     -1.11475
      2.76000
      1.44225
    -0.104293
      2.77000
      4.30189
     0.378867
      2.77000
      4.61872
    0.0804403
      2.77000
      4.05124
    -0.712628
      2.78000
      1.32179
   -0.0910286
      2.79000
      4.57351
     0.914121
      2.79000
    0.0894481
     -1.35817
      2.80000
      3.18449
     -1.01565
      2.80000
      2.10873
    -0.419155
      2.81000
      4.35248
     0.554729
      2.81000
      4.80750
    -0.444657
      2.81000
      4.31818
    -0.488843
      2.82000
    0.0352775
     0.255303
      2.83000
      3.39117
     0.200655
      2.83000
      1.41354
    -0.363712
      2.84000
     0.994154
     0.551291
      2.85000
      4.12913
     -1.10169
      2.85000
      4.52470
    -0.967528
      2.85000
     0.504480
     -1.08309
      2.86000
      5.81043
     -1.06043
      2.86000
     0.966643
     0.415321
      2.87000
      5.15679
     0.783420
      2.87000
      5.67896
    -0.289395
      2.87000
      1.64458
     0.393834
      2.88000
      1.95571
     0.560382
      2.88000
      1.00854
     0.693264
      2.89000
      3.96874
     -1.19223
      2.89000
      4.15737
    -0.450751
      2.89000
      4.25471
    -0.442489
      2.89000
      4.99084
    -0.369704
      2.89000
      1.92740
     0.148193
      2.90000
      3.36565
     0.678206
      2.90000
      5.61252
    -0.104914
      2.91000
     0.774701
     0.927032
      2.93000
      1.77785
    -0.881309
      2.93000
      5.92676
     0.518329
      2.94000
      1.01824
    -0.240729
      2.95000
      3.24932
    -0.278530
      2.95000
      4.55579
    -0.869116
      2.95000
      5.76242
   -0.0140644
      2.96000
      1.73564
     0.440351
      2.98000
      2.53149
     0.422976
      2.98000
      1.28626
     0.762282
      2.99000
      4.70970
    -0.531021
      2.99000
      4.97774
     0.239367
      2.99000
     0.539263
     0.602391
      3.00000
      1.44717
     0.367945
      3.00000
      3.16332
    -0.385083
      3.00000
      3.46222
    -0.395210
      3.00000
     0.941612
     0.828469
      3.01000
      2.55081
     -1.12762
      3.01000
      2.89744
     0.786116
      3.01000
      5.70668
    -0.660345
      3.01000
      1.64267
    -0.523928
      3.02000
      1.82757
    -0.413415
      3.02000
      3.78758
     0.676238
      3.03000
      4.62770
    -0.699669
      3.03000
     0.585965
   -0.0598939
      3.04000
      3.59359
    -0.732612
      3.04000
      2.68944
     0.733082
      3.05000
      3.31676
     -1.17915
      3.05000
      4.01810
      1.25995
      3.05000
      5.02887
      1.17785
      3.07000
      4.38555
    -0.661058
      3.08000
      5.09064
     0.484319
      3.08000
      5.30315
    -0.263496
      3.08000
      2.31303
     0.110411
      3.11000
      2.81299
    -0.273498
      3.11000
      4.75977
    -0.642136
      3.11000
      5.36922
    -0.831475
      3.11000
      1.51596
    -0.624930
      3.12000
      2.42148
     0.607646
      3.13000
      2.47916
    -0.987735
      3.13000
      3.01578
     -1.09024
      3.13000
      3.89494
    -0.727851
      3.13000
      4.40845
    -0.974451
      3.13000
      2.32287
     0.845341
      3.14000
      4.49825
     0.435581
      3.14000
      4.50104
     0.644405
      3.16000
      1.30682
     0.717321
      3.17000
      1.72220
    -0.752378
      3.17000
      2.47039
     0.909898
      3.17000
      4.48766
      1.14909
      3.17000
      4.88434
    -0.472873
      3.17000
      1.24097
     0.118450
      3.19000
      1.31435
    -0.392791
      3.19000
      3.81538
     -1.12643
      3.19000
      4.41976
     0.166335
      3.20000
      5.53565
     0.520399
      3.20000
      4.63843
    -0.645971
      3.21000
      6.17514
      1.34520
      3.21000
      3.99159
    -0.703111
      3.22000
      5.26280
   -0.0195186
      3.23000
      5.61721
      1.22385
      3.23000
     0.761262
    -0.710441
      3.24000
     0.998256
     -1.30107
      3.24000
      4.24564
   -0.0776478
      3.24000
      4.95325
     0.568143
      3.24000
      1.94629
    -0.752218
      3.25000
      4.78279
   -0.0510460
      3.26000
     0.148258
     0.529077
      3.27000
      1.18610
    -0.964324
      3.27000
      1.77659
     -1.07921
      3.27000
      3.66814
    -0.457286
      3.27000
      4.51982
    -0.434582
      3.27000
      5.97489
    -0.285410
      3.27000
      1.60937
     0.393324
      3.28000
      3.91920
    -0.434393
      3.29000
      4.02605
      1.03527
      3.29000
     0.268875
    -0.824741
      3.31000
      1.34582
    -0.284901
      3.31000
      3.18731
      1.00511
      3.31000
      2.66756
     -1.21373
      3.32000
      2.74220
     -1.06763
      3.32000
      4.97723
    -0.485492
      3.32000
      4.47236
    -0.752363
      3.33000
      2.02933
    -0.429501
      3.34000
      2.91903
     0.278836
      3.34000
      4.52466
    -0.982329
      3.34000
      4.68411
    -0.170368
      3.34000
      1.10451
     -1.09474
      3.35000
      5.79180
      1.00720
      3.35000
      1.39386
   -0.0434442
      3.36000
      1.74392
     0.226956
      3.36000
      2.19021
      1.06557
      3.36000
      5.06345
    0.0508812
      3.36000
      3.53253
  -0.00147868
      3.37000
      3.99632
    -0.773700
      3.37000
     0.467726
      1.10266
      3.38000
      2.27539
     0.118435
      3.38000
      3.36222
    0.0687805
      3.38000
     0.780009
     0.671128
      3.39000
      1.14734
     0.273129
      3.40000
      2.67795
     -1.06173
      3.40000
      5.91873
     0.179929
      3.40000
     0.366621
    -0.764988
      3.41000
     0.468526
     0.507745
      3.41000
      3.59321
    -0.718892
      3.41000
      3.94923
    -0.902660
      3.41000
      4.16039
    -0.665160
      3.41000
      4.63622
     0.484838
      3.42000
      5.39285
     -1.16173
      3.42000
      5.42472
      1.07251
      3.43000
     0.187841
     0.999812
      3.44000
      2.39256
     -1.02202
      3.44000
      2.66655
     0.417410
      3.44000
      4.97830
   -0.0878337
      3.44000
     0.277326
    -0.186964
      3.45000
      2.66628
     0.757715
      3.45000
      4.91479
     0.580259
      3.45000
     0.689921
    0.0491213
      3.47000
      1.02598
     0.213066
      3.47000
      1.82271
    -0.485051
      3.47000
      2.06924
    -0.920031
      3.47000
      3.97704
     0.587963
      3.47000
      5.21115
     0.335462
      3.47000
      2.93686
     0.587129
      3.48000
      4.49460
     0.253145
      3.48000
      5.95670
     0.420164
      3.48000
      5.94509
    -0.904827
      3.49000
     0.433809
    -0.287354
      3.50000
      3.91904
     0.711833
      3.50000
      4.79773
    -0.803259
      3.51000
      4.93825
    -0.370674
      3.51000
      2.14279
     0.165700
      3.52000
      2.51246
     0.180593
      3.52000
      2.62620
     0.301074
      3.52000
      5.96082
      1.14624
      3.52000
      1.14657
     0.330890
      3.53000
      1.89434
     0.386881
      3.53000
      4.12072
   -0.0545270
      3.53000
      4.36100
     0.682637
      3.53000
      5.78208
    0.0995856
      3.53000
     0.953197
    -0.176307
      3.54000
      1.43827
     0.172216
      3.54000
      2.58898
    -0.944078
      3.54000
      3.00232
    -0.546361
      3.54000
      4.58960
    -0.267656
      3.54000
      1.49410
    -0.259341
      3.55000
      3.72191
    -0.795807
      3.55000
    0.0625337
    -0.163683
      3.56000
     0.580046
    -0.907135
      3.56000
      1.10876
    -0.594149
      3.56000
      2.94236
    -0.248486
      3.56000
      3.99444
    -0.626549
      3.56000
      5.23125
     -1.15954
      3.56000
     0.400771
     0.839882
      3.57000
      2.00019
     0.430010
      3.57000
      4.38758
    -0.660554
      3.57000
      4.81213
      1.26867
      3.57000
      5.29056
    -0.224357
      3.57000
      1.88646
     0.291834
      3.58000
      3.78527
     0.537741
      3.58000
      4.06204
    -0.485269
      3.58000
      3.21123
     -1.04456
      3.59000
     0.344812
    -0.151834
      3.60000
     0.870178
     0.151441
      3.60000
      1.36463
    -0.121344
      3.60000
      1.48481
    -0.392365
      3.60000
      1.77237
     0.594842
      3.60000
      2.34223
     0.829943
      3.60000
      2.47296
    -0.698636
      3.60000
      2.01450
    -0.658440
      3.61000
      2.64292
    -0.206991
      3.61000
      3.07826
    0.0406371
      3.61000
     0.375813
     0.258837
      3.62000
      2.25770
    -0.917461
      3.62000
      3.38327
     -1.23935
      3.62000
      4.39624
    -0.736354
      3.62000
      4.54689
     -1.05767
      3.62000
      4.60731
     -1.12881
      3.62000
      6.00969
     0.729349
      3.62000
     0.716000
     0.468592
      3.63000
     0.973952
     0.414477
      3.63000
      5.37936
     0.248661
      3.63000
      3.05819
     -1.15496
      3.64000
      1.10872
     0.268543
      3.65000
      3.30125
   -0.0157225
      3.65000
      3.67252
      1.13191
      3.65000
      5.44105
     -1.02680
      3.65000
     0.136987
     0.931075
      3.66000
      4.06885
    -0.513980
      3.66000
      4.70735
    -0.874371
      3.66000
      6.03934
    -0.379003
      3.66000
      2.45938
      1.10827
      3.67000
      4.10838
     0.274623
      3.67000
      2.26707
    -0.572919
      3.68000
      3.30125
   -0.0157225
      3.68000
      4.03042
     0.514004
      3.68000
      5.64855
    -0.298699
      3.68000
     0.851146
    -0.386096
      3.69000
      1.24738
    0.0948441
      3.69000
      2.54164
     -1.08292
      3.69000
      6.07366
    0.0477493
      3.69000
     0.488983
    -0.909428
      3.70000
     0.955284
     0.415374
      3.70000
      4.68568
     0.510659
      3.70000
      1.53524
    -0.247589
      3.71000
      3.05769
     0.843586
      3.71000
      4.12696
    0.0834025
      3.71000
      5.19410
     0.107459
      3.71000
      1.26118
    0.0397402
      3.72000
      1.53280
     0.947311
      3.72000
      3.84492
    0.0403898
      3.72000
      5.50342
     0.759722
      3.72000
      5.54490
     0.656564
      3.72000
     0.464796
    -0.189005
      3.73000
     0.908524
    -0.170984
      3.73000
      2.04543
    -0.703678
      3.73000
      4.72377
     0.166669
      3.73000
     0.880293
     0.163785
      3.74000
      5.58924
    -0.398711
      3.74000
      5.96639
    -0.141575
      3.74000
      1.28930
     0.714363
      3.75000
      2.35927
    -0.815059
      3.75000
      4.26518
     0.338381
      3.75000
      4.63767
    0.0479044
      3.75000
      4.67660
     0.992889
      3.75000
      5.87066
      1.01060
      3.75000
     0.712952
     0.968318
      3.76000
      1.12209
     0.302083
      3.76000
      1.45192
     -1.09180
      3.76000
      4.36833
     -1.02735
      3.76000
      5.63027
     -1.35846
      3.76000
      5.76985
     0.433831
      3.76000
     0.952935
     0.737625
      3.77000
      2.20195
     -1.14848
      3.77000
      4.96847
    -0.382019
      3.77000
      5.03873
     0.928234
      3.77000
      5.38867
     0.271559
      3.77000
      5.42040
    -0.172123
      3.77000
      5.87814
     0.868621
      3.77000
      1.87447
     -1.22760
      3.78000
      2.83367
     -1.01791
      3.78000
      1.82464
     0.361584
      3.79000
      1.91775
     0.488639
      3.79000
      5.09280
     0.899136
      3.79000
      5.28172
     0.810492
      3.79000
     0.797383
     0.776298
      3.80000
      2.54766
      1.03863
      3.80000
      2.68110
     0.355121
      3.80000
      4.05799
     0.189751
      3.80000
      4.05799
     0.189771
      3.80000
      4.61046
     0.803889
      3.80000
      1.45615
   -0.0463870
      3.81000
      1.51416
    -0.364556
      3.81000
      2.71073
    -0.284940
      3.81000
      1.18535
    -0.536985
      3.82000
      2.41127
     0.649713
      3.82000
      2.72362
     -1.01628
      3.82000
      4.30166
    0.0384457
      3.82000
      5.16150
     0.319177
      3.82000
      6.16392
     0.801392
      3.82000
     0.951401
     0.558011
      3.83000
      2.82621
     0.606570
      3.83000
      3.63111
    -0.726270
      3.83000
      3.81977
     -1.37218
      3.83000
      4.72827
     0.501758
      3.83000
      5.18586
      1.22196
      3.83000
      1.14694
     0.274720
      3.84000
      2.25718
    -0.807961
      3.84000
      2.32469
     -1.05178
      3.84000
      2.76241
    -0.832629
      3.84000
      2.99093
      1.21969
      3.84000
      4.09516
     0.464476
      3.84000
      4.79719
     0.379158
      3.84000
      5.83154
   -0.0330110
      3.84000
     0.972774
     -1.13658
      3.85000
      1.50498
    -0.891907
      3.85000
      1.65134
    -0.582693
      3.85000
      1.87952
    -0.464238
      3.85000
      2.66397
    -0.726518
      3.85000
      2.73818
     0.171416
      3.85000
      4.15316
     0.279039
      3.85000
      4.21642
     -1.10706
      3.85000
      4.84226
    -0.145110
      3.85000
      1.09383
    -0.742478
      3.86000
      3.28222
    -0.837593
      3.86000
      4.68107
     0.650373
      3.86000
      4.74634
    -0.368003
      3.86000
     0.223402
     0.662474
      3.87000
     0.819527
    -0.512797
      3.87000
     0.959378
     0.419844
      3.87000
      1.19381
    -0.253063
      3.87000
      1.42969
    -0.620353
      3.87000
      1.78888
    -0.419907
      3.87000
      3.25718
     -1.24932
      3.87000
      3.26907
      1.22765
      3.87000
      3.63247
    -0.773452
      3.87000
      3.94872
    -0.843998
      3.87000
    0.0189223
    -0.808073
      3.88000
      2.39617
    0.0477590
      3.88000
      2.56161
     0.462129
      3.88000
      3.51354
    -0.678773
      3.88000
      3.83007
   -0.0911692
      3.88000
      4.14825
    -0.504783
      3.88000
     0.748492
    -0.162248
      3.89000
      2.95155
    -0.941484
      3.89000
      3.20612
  -0.00193925
      3.89000
      4.26180
     0.812475
      3.89000
      4.26777
     -1.37309
      3.89000
      5.20350
     0.607680
      3.89000
      2.18456
   -0.0624828
      3.90000
      5.18092
    0.0130706
      3.90000
      6.04189
    -0.799157
      3.90000
      1.03775
    0.0996922
      3.91000
      2.28043
    -0.797189
      3.91000
      2.50781
   -0.0120234
      3.91000
      2.89863
     -1.01985
      3.91000
      3.24033
    -0.867021
      3.91000
      4.05759
    -0.252307
      3.91000
     0.280045
    -0.973549
      3.92000
      4.43515
     0.542337
      3.92000
      5.54502
    0.0843770
      3.92000
      1.18386
   -0.0620804
      3.93000
      1.99172
    -0.162626
      3.93000
      5.04345
    -0.314780
      3.93000
    0.0928733
    -0.772042
      3.94000
      2.26457
     0.323269
      3.94000
      2.96144
     0.193387
      3.94000
      5.46918
     0.711779
      3.94000
     0.379995
    -0.865548
      3.95000
     0.729388
     0.913738
      3.95000
      1.71183
    -0.334589
      3.95000
      2.02044
     -1.26302
      3.95000
      3.49029
     0.967683
      3.95000
      4.12160
    -0.581587
      3.95000
      5.94159
     0.402114
      3.95000
      1.13569
    -0.597756
      3.96000
      1.55371
    -0.747360
      3.96000
      1.77197
    -0.565366
      3.96000
      2.00623
    -0.501181
      3.96000
      3.16962
    -0.904284
      3.96000
      4.19296
    -0.356018
      3.96000
      5.18812
     -1.27713
      3.96000
      1.50342
     0.682758
      3.97000
      2.25229
    -0.610051
      3.97000
      2.33067
     0.736161
      3.97000
      2.39549
     -1.08048
      3.97000
      4.69334
    0.0512497
      3.97000
      5.04818
    -0.712162
      3.97000
      5.86122
    -0.768056
      3.97000
      6.09870
    -0.360347
      3.97000
     0.501280
      1.25555
      3.98000
      1.61433
    -0.108981
      3.98000
      1.90625
     -1.18288
      3.98000
      5.29001
     0.827407
      3.98000
      6.07198
     -1.02597
      3.99000
     0.503062
    -0.376332
      4.00000
     0.744179
    -0.877862
      4.00000
      2.35998
     -1.15186
      4.00000
      2.71578
     -1.28321
      4.00000
      3.82116
    -0.652128
      4.00000
     0.573195
     0.582673
      4.01000
      2.29636
    -0.477154
      4.01000
      3.49597
     0.968813
      4.01000
      4.18885
      1.02682
      4.01000
      4.21576
    -0.335118
      4.01000
      4.84919
     -1.24815
      4.01000
      5.04160
    -0.779231
      4.01000
      5.34642
     0.524205
      4.01000
      5.95287
    -0.246450
      4.01000
      6.25777
     0.110125
      4.01000
      1.22391
   -0.0600005
      4.02000
      2.27175
     0.508342
      4.02000
      3.15579
    -0.421865
      4.02000
      4.24270
    -0.871099
      4.02000
      4.95273
     0.260621
      4.02000
      4.95822
    -0.102625
      4.02000
      5.62964
     0.788011
      4.02000
      5.89143
   -0.0110489
      4.02000
      1.28508
      1.05237
      4.03000
      3.05746
     0.123739
      4.03000
      3.35414
    -0.988462
      4.03000
      4.71414
    0.0440308
      4.03000
      5.36006
     0.191346
      4.03000
      1.01436
     0.619655
      4.04000
      1.05330
     0.828081
      4.04000
      1.07767
    -0.123889
      4.04000
      3.19838
     -1.10736
      4.04000
      4.94055
     0.764701
      4.04000
     0.793456
     0.859250
      4.05000
      2.94952
     0.114799
      4.05000
      3.72834
    -0.653194
      4.05000
      3.76028
     0.913035
      4.05000
      3.80114
    -0.855037
      4.05000
      3.82898
    -0.606381
      4.05000
      3.93618
    -0.783566
      4.05000
     0.183412
     0.414050
      4.06000
      1.96245
     0.473299
      4.06000
      4.41399
    -0.925136
      4.06000
     0.424937
     0.875894
      4.07000
     0.673501
  -0.00179381
      4.07000
      1.26862
     0.233118
      4.07000
      1.78697
    -0.207927
      4.07000
      2.18651
     -1.33699
      4.07000
      2.27254
    -0.738046
      4.07000
      3.59823
     0.284382
      4.07000
      3.96923
     -1.01976
      4.07000
      5.49921
    -0.307706
      4.07000
      2.49383
     -1.02597
      4.08000
      2.85755
    -0.310077
      4.08000
      2.96656
    -0.299057
      4.08000
      3.71218
   -0.0964003
      4.08000
      5.57397
     0.338187
      4.08000
      5.67427
      1.01790
      4.08000
     0.396735
     0.713932
      4.09000
     0.610727
     -1.20627
      4.09000
     0.776592
    -0.419165
      4.09000
      1.44606
     0.161205
      4.09000
      4.12001
     0.322018
      4.09000
     0.683820
    -0.703077
      4.11000
     0.689616
     -1.19896
      4.11000
     0.896009
     0.219810
      4.11000
      2.03414
    -0.804965
      4.11000
      2.76761
     -1.36291
      4.11000
      3.06163
     -1.05806
      4.11000
      3.19467
     -1.17642
      4.11000
      4.04727
     -1.15158
      4.11000
      4.98584
    -0.664272
      4.11000
      4.98793
    -0.689395
      4.11000
      5.43607
    -0.476359
      4.11000
      5.86337
    -0.772497
      4.11000
     0.686634
     0.851818
      4.12000
      1.55718
     0.168376
      4.12000
      1.82925
    -0.270274
      4.12000
      2.55982
    -0.250935
      4.12000
      3.14209
     0.162112
      4.12000
      5.99947
    -0.930091
      4.12000
      4.80458
    -0.857388
      4.13000
      5.18521
    -0.735322
      4.13000
      5.67282
     0.439566
      4.13000
      5.81024
     0.650145
      4.13000
      6.17325
    0.0887355
      4.13000
      1.08015
     0.840468
      4.14000
      1.39246
    -0.137876
      4.14000
      2.24330
    -0.744194
      4.14000
      4.05308
     0.553211
      4.14000
      5.41128
    -0.447333
      4.14000
      6.17620
     0.764110
      4.14000
      1.67126
     0.353875
      4.15000
      1.86208
  -0.00570626
      4.15000
      3.14885
     -1.11799
      4.15000
      4.13700
    -0.286859
      4.15000
      4.16020
     0.474157
      4.15000
      5.91603
     -1.42953
      4.15000
     0.119162
      1.08874
      4.16000
      1.56224
     0.406119
      4.16000
      2.23560
     0.105636
      4.16000
      4.31878
    -0.611728
      4.16000
      5.81001
    -0.144537
      4.16000
     0.984853
    -0.637099
      4.17000
      4.53900
    -0.420333
      4.17000
      5.91285
    -0.481100
      4.17000
     0.961626
     0.412543
      4.18000
      1.93156
     0.558214
      4.18000
      3.72009
     0.812407
      4.18000
      3.59384
    -0.592564
      4.19000
      3.69818
    -0.171188
      4.19000
      4.89284
     0.356930
      4.19000
      5.80910
     0.986892
      4.19000
      5.94152
     0.203505
      4.19000
      1.41996
     0.102485
      4.20000
      2.06192
    -0.394672
      4.20000
      4.32352
     0.744267
      4.20000
     0.876882
      1.04008
      4.21000
      1.46482
   -0.0348242
      4.21000
      2.71443
     0.649607
      4.21000
      5.97954
    -0.577248
      4.21000
      6.06786
    -0.168119
      4.21000
      1.13188
     0.385107
      4.22000
      4.80921
      1.24415
      4.22000
      4.89507
   -0.0847357
      4.22000
      4.89980
     -1.08737
      4.22000
      5.35774
      1.09359
      4.22000
      5.41721
     0.529785
      4.22000
      5.57711
     -1.14875
      4.22000
      6.06128
    -0.114983
      4.22000
    0.0648463
     -1.14254
      4.23000
     0.716749
     0.661601
      4.23000
     0.913593
     0.835315
      4.23000
     0.971036
    -0.410938
      4.23000
      3.57794
    -0.567896
      4.23000
      4.18889
    -0.637569
      4.23000
      4.29720
    -0.601901
      4.23000
      4.43402
      1.43470
      4.23000
      5.17804
     0.570044
      4.23000
      5.55663
     0.680252
      4.23000
      5.68583
     0.852535
      4.23000
      2.05235
    -0.834999
      4.24000
      4.31439
     -1.34928
      4.24000
      5.28881
    -0.223703
      4.24000
     0.240092
      1.49611
      4.25000
     0.277922
     0.815219
      4.25000
     0.625351
    -0.840420
      4.25000
     0.695346
    -0.249272
      4.25000
      1.10569
    -0.903009
      4.25000
      1.17704
     0.716622
      4.25000
      1.17879
     0.173757
      4.25000
      2.16416
     0.759373
      4.25000
      2.32573
     0.213716
      4.25000
      2.71650
    -0.533348
      4.25000
      3.78619
      1.32890
      4.25000
     0.436820
     0.151049
      4.26000
      1.53812
     0.801591
      4.26000
      3.19603
     -1.37457
      4.26000
      3.26810
     0.731308
      4.26000
      3.43484
     0.495412
      4.26000
      3.65016
    0.0354011
      4.26000
      4.21330
     0.788836
      4.26000
      4.60677
    -0.223785
      4.26000
     0.696103
     0.169156
      4.27000
     0.854920
    -0.758384
      4.27000
     0.913549
    -0.383415
      4.27000
      1.18930
     0.214855
      4.27000
      1.32802
    -0.155024
      4.27000
      2.12235
    -0.821187
      4.27000
      3.35057
    -0.691761
      4.27000
      3.40806
    -0.861679
      4.27000
      3.97749
    -0.829153
      4.27000
      5.41933
     0.275132
      4.27000
      5.76411
    -0.250542
      4.27000
     0.251989
     0.128311
      4.28000
     0.623257
     0.139835
      4.28000
     0.924014
   0.00147383
      4.28000
      1.13587
     0.394217
      4.28000
      1.20533
     0.397329
      4.28000
      1.99431
     0.508337
      4.28000
      2.77213
    -0.961366
      4.28000
      3.08860
    -0.582096
      4.28000
      4.29968
    -0.286142
      4.28000
      5.57056
    -0.301254
      4.28000
      6.02683
    -0.768997
      4.28000
      6.12128
     0.101748
      4.28000
      1.04340
     0.874061
      4.29000
      1.09127
     0.150830
      4.29000
      1.13316
     0.308914
      4.29000
      1.23964
      1.15494
      4.29000
      1.37430
    -0.231780
      4.29000
      2.45591
      1.42713
      4.29000
      4.54207
    -0.519696
      4.29000
      4.58000
    -0.673077
      4.29000
      5.04397
    -0.785185
      4.29000
      5.68350
      1.05870
      4.29000
      5.76349
      1.11946
      4.29000
      5.78378
     0.570504
      4.29000
      5.87225
    -0.573496
      4.29000
      6.16637
     0.745508
      4.29000
     0.956673
     0.421560
      4.30000
      2.26019
    0.0655856
      4.30000
      3.01867
  -0.00474148
      4.30000
      4.93494
     0.641782
      4.30000
      5.28430
     0.981951
      4.30000
     0.234696
    -0.521815
      4.31000
      2.46971
     0.408567
      4.31000
      3.25903
    -0.273008
      4.31000
      4.01736
     0.658474
      4.31000
      1.20457
    -0.346681
      4.32000
      1.93172
     0.159315
      4.32000
      2.27613
    -0.230068
      4.32000
      3.07534
     -1.10362
      4.32000
      3.71258
     -1.45228
      4.32000
      3.86201
    -0.753308
      4.32000
      4.13477
      1.36314
      4.32000
      4.19550
    -0.359514
      4.32000
      5.38073
   -0.0253897
      4.32000
     0.283652
     0.953265
      4.33000
     0.509949
    0.0398080
      4.33000
      1.69161
    -0.407471
      4.33000
      2.26198
     -1.03680
      4.33000
      3.13256
     -1.09530
      4.33000
      3.34865
    -0.844725
      4.33000
      3.72338
    -0.976085
      4.33000
      4.06362
    -0.737213
      4.33000
      4.51692
    -0.222452
      4.33000
      4.78376
     0.628658
      4.33000
      2.10996
   -0.0469930
      4.34000
      2.41456
    -0.996981
      4.34000
      3.64549
    -0.787473
      4.34000
      3.97823
    -0.519774
      4.34000
      4.54463
    0.0737789
      4.34000
      5.66792
    -0.584375
      4.34000
      5.67134
     0.294805
      4.34000
     0.761320
    -0.710436
      4.35000
     0.811178
     0.337697
      4.35000
      1.50357
     -1.14796
      4.35000
      1.61009
     0.515483
      4.35000
      1.78293
      1.02196
      4.35000
      2.12759
     -1.19247
      4.35000
      2.19757
     -1.34673
      4.35000
      2.50126
    -0.853582
      4.35000
      3.75135
    -0.784128
      4.35000
      4.70782
     -1.11129
      4.35000
     0.137605
     0.578906
      4.36000
     0.169566
     -1.01249
      4.36000
     0.888024
     0.831649
      4.36000
      1.04187
     0.380637
      4.36000
      1.24425
     0.152343
      4.36000
      1.34658
    -0.227935
      4.36000
      1.54457
    -0.615995
      4.36000
      2.28261
     0.108336
      4.36000
      3.23738
     0.503082
      4.36000
      3.66492
    -0.710359
      4.36000
      4.73194
     0.363004
      4.36000
      4.73222
      1.51169
      4.36000
      4.77352
     -1.07406
      4.36000
      4.89271
     0.654508
      4.36000
      4.89828
     0.315381
      4.36000
      5.03046
     0.662449
      4.36000
      5.11184
   -0.0263254
      4.36000
      5.87025
     0.823708
      4.36000
     0.117642
     -1.10844
      4.37000
     0.145160
     0.502112
      4.37000
     0.557189
     0.146220
      4.37000
      1.62749
    -0.612737
      4.37000
      1.79628
    -0.295387
      4.37000
      2.62932
     0.183046
      4.37000
      5.12963
     0.310387
      4.37000
      5.13370
     0.300968
      4.37000
      5.20644
    -0.620406
      4.37000
      6.14186
    -0.669702
      4.37000
      1.42396
     0.323235
      4.38000
      3.42421
   -0.0873537
      4.38000
      4.40379
     0.180293
      4.38000
      1.25655
   -0.0980827
      4.39000
      1.71379
    -0.923173
      4.39000
      2.08157
    0.0455434
      4.39000
      2.86044
    -0.727618
      4.39000
      4.51608
    -0.366616
      4.39000
      5.01936
     0.680223
      4.39000
      5.28949
      1.35106
      4.39000
      5.55338
    -0.940180
      4.39000
      6.07683
    -0.169791
      4.39000
      6.11211
    -0.369835
      4.39000
      1.77885
    -0.933843
      4.40000
      1.89613
    -0.432347
      4.40000
      2.11430
    -0.330779
      4.40000
      3.91760
    0.0433520
      4.40000
      5.72082
    -0.968100
      4.40000
      6.11034
     0.398871
      4.40000
     0.478380
    -0.816678
      4.41000
      1.43697
     0.164444
      4.41000
      1.52044
     0.353565
      4.41000
      1.85343
     0.530740
      4.41000
      2.07417
    -0.854751
      4.41000
      2.93585
     0.560110
      4.41000
      3.85898
    -0.480732
      4.41000
      4.56707
     0.457029
      4.41000
      4.68915
     0.527046
      4.41000
      6.04196
      1.30633
      4.41000
      6.07996
    -0.577297
      4.41000
      6.26935
    -0.114663
      4.41000
     0.226297
     0.399293
      4.42000
     0.966098
    -0.216687
      4.42000
      1.57892
     0.257969
      4.42000
      2.86667
     0.361569
      4.42000
      3.73882
    -0.681638
      4.42000
      3.77810
    -0.872907
      4.42000
      4.28141
    -0.318164
      4.42000
      5.42126
   -0.0941411
      4.42000
      5.86292
  -0.00928903
      4.42000
     0.189775
     0.122886
      4.43000
      1.09375
    -0.136281
      4.43000
      1.71693
    -0.316792
      4.43000
      3.82389
     0.247090
      4.43000
      4.10845
     0.133804
      4.43000
      5.32267
     0.556188
      4.43000
      5.40524
     0.256840
      4.43000
      5.55802
     0.601736
      4.43000
      5.84522
     0.902825
      4.43000
    0.0417206
    -0.340111
      4.44000
     0.419861
    0.0869465
      4.44000
      1.11159
     -1.03921
      4.44000
      1.65138
    0.0810512
      4.44000
      2.14020
    -0.698869
      4.44000
      2.24070
    0.0644463
      4.44000
      4.91589
     -1.17563
      4.44000
      5.08128
     0.426946
      4.44000
      1.21012
    -0.733989
      4.45000
      1.34230
    -0.209250
      4.45000
      1.96250
    -0.385369
      4.45000
      2.12836
    -0.686268
      4.45000
      2.15902
    -0.634413
      4.45000
      2.34030
    -0.713214
      4.45000
      2.75651
    -0.995531
      4.45000
      2.81369
     -1.39649
      4.45000
      4.30314
    -0.370926
      4.45000
      4.69790
    0.0228202
      4.45000
      5.05045
      1.27706
      4.45000
      5.10161
     0.125082
      4.45000
     0.719534
    -0.572919
      4.46000
      1.34417
    0.0478608
      4.46000
      2.43836
     0.464481
      4.46000
      3.08113
    -0.778713
      4.46000
      3.79751
     0.526731
      4.46000
      5.75997
    -0.698583
      4.46000
      5.91722
     0.763654
      4.46000
      5.96452
    -0.583042
      4.46000
     0.700030
    -0.331540
      4.47000
     0.847728
     0.500667
      4.47000
     0.961502
      1.13825
      4.47000
      1.26216
     0.935361
      4.47000
      1.28004
    0.0272368
      4.47000
      1.75687
    0.0440114
      4.47000
      2.93031
   -0.0541925
      4.47000
      3.15427
    -0.874483
      4.47000
      4.27540
    -0.826006
      4.47000
      6.02710
    -0.423824
      4.47000
      1.59808
     0.248385
      4.48000
      1.61792
      1.03057
      4.48000
      1.67753
    -0.567528
      4.48000
      2.36413
     0.907717
      4.48000
      2.37750
     -1.26013
      4.48000
      2.62468
     0.623645
      4.48000
      2.90919
    -0.388855
      4.48000
      5.12149
     0.872480
      4.48000
      5.84783
     -1.14275
      4.48000
      1.13729
     0.268630
      4.49000
      1.73812
     0.232633
      4.49000
      1.87496
    -0.813188
      4.49000
      2.04685
    -0.673765
      4.49000
      2.28691
    -0.984400
      4.49000
      2.63029
   0.00204107
      4.49000
      3.89191
   -0.0687514
      4.49000
      5.53972
     0.167581
      4.49000
      5.80141
     0.684494
      4.49000
      6.18517
    -0.263506
      4.49000
      1.69077
     0.129266
      4.50000
      1.98410
    -0.463807
      4.50000
      2.02427
    -0.448356
      4.50000
      2.47826
     0.916230
      4.50000
      2.69301
    -0.969346
      4.50000
      2.83703
     0.441273
      4.50000
      3.58888
     0.313379
      4.50000
      4.26842
    -0.345633
      4.50000
      5.50337
    -0.443411
      4.50000
      5.77071
    -0.584273
      4.50000
      6.18258
    0.0214627
      4.50000
      6.26015
     -1.15424
      4.50000
     0.288634
     0.515900
      4.51000
     0.706648
     0.503212
      4.51000
      1.04479
     -1.08975
      4.51000
      1.17629
    -0.523051
      4.51000
      1.51848
    -0.980730
      4.51000
      2.46579
    -0.619834
      4.51000
      3.99422
     -1.02906
      4.51000
      5.24632
      1.17964
      4.51000
      5.39611
    -0.912424
      4.51000
      5.42304
     0.998692
      4.51000
      5.51588
    -0.205542
      4.51000
      5.59824
    -0.388210
      4.51000
      5.87377
     0.743699
      4.51000
    0.0571595
     0.632347
      4.52000
     0.614443
      1.16855
      4.52000
      1.49333
     0.683248
      4.52000
      2.51581
     -1.06247
      4.52000
      3.72495
    -0.225337
      4.52000
      4.08883
     0.348930
      4.52000
      4.53887
     0.649922
      4.52000
      5.19590
    -0.478831
      4.52000
      5.28670
     0.480092
      4.52000
      6.02996
     0.154796
      4.52000
      6.05614
     0.852768
      4.52000
     0.193273
     0.707460
      4.53000
     0.721476
     0.604728
      4.53000
      1.54921
   -0.0537222
      4.53000
      1.97949
    -0.606390
      4.53000
      3.06666
     0.362587
      4.53000
      3.47394
     -1.05530
      4.53000
      3.47881
     -1.11722
      4.53000
      4.72900
    -0.802357
      4.53000
      5.42584
     0.630466
      4.53000
      6.01609
    0.0572759
      4.53000
     0.117693
     -1.10857
      4.54000
     0.170817
     0.833172
      4.54000
     0.496255
      1.22910
      4.54000
     0.881057
      1.02158
      4.54000
      1.35967
     0.580623
      4.54000
      1.70547
    -0.399428
      4.54000
      1.93832
     0.213163
      4.54000
      3.70839
     0.912065
      4.54000
      3.92769
     0.477129
      4.54000
      3.95543
    -0.338827
      4.54000
      4.00013
    -0.637045
      4.54000
      4.05352
    -0.778824
      4.54000
      4.54363
   -0.0872374
      4.54000
      4.63064
    -0.485076
      4.54000
      6.23686
     0.993844
      4.54000
      1.31252
    -0.621681
      4.55000
      1.76926
      1.34574
      4.55000
      2.47880
     0.643008
      4.55000
      3.86928
     0.340616
      4.55000
      4.25257
    -0.417628
      4.55000
      5.51155
     0.824605
      4.55000
      6.12653
     0.213085
      4.55000
      6.27715
    -0.312283
      4.55000
      1.03481
     -1.07656
      4.56000
      2.35694
     0.678094
      4.56000
      2.46809
      1.22644
      4.56000
      3.60433
    -0.567198
      4.56000
      3.75121
    -0.781369
      4.56000
      5.67431
      1.23658
      4.56000
      1.45694
    0.0709379
      4.57000
      2.47350
   -0.0129785
      4.57000
      2.68717
    -0.951675
      4.57000
      2.79135
     -1.04793
      4.57000
      4.27955
     0.248942
      4.57000
      4.72002
    -0.496866
      4.57000
      5.60869
     0.404926
      4.57000
      5.83330
     0.803428
      4.57000
      5.84886
     0.854678
      4.57000
      6.21214
    -0.500619
      4.57000
     0.931591
    -0.708647
      4.58000
      1.51425
     0.481512
      4.58000
      2.37215
    -0.444274
      4.58000
      2.56482
    -0.804223
      4.58000
      4.64133
      1.26009
      4.58000
      5.18891
     0.415713
      4.58000
      5.22076
    -0.488479
      4.58000
     0.159698
    -0.813915
      4.59000
     0.956120
    -0.656748
      4.59000
      1.40323
    0.0525199
      4.59000
      1.44187
   -0.0855890
      4.59000
      2.00495
    -0.491713
      4.59000
      2.55387
     0.951757
      4.59000
      4.13471
    -0.436832
      4.59000
      4.21559
    -0.482879
      4.59000
      4.57369
    -0.810473
      4.59000
      4.93285
     0.393019
      4.59000
      4.98025
    -0.709505
      4.59000
      5.06213
      1.14357
      4.59000
      5.44476
     0.466396
      4.59000
      5.86291
  -0.00927449
      4.59000
      1.67537
    -0.121630
      4.60000
      2.23173
      1.12883
      4.60000
      2.46123
   -0.0407001
      4.60000
      2.61910
    -0.219558
      4.60000
      2.84513
    -0.638790
      4.60000
      2.91605
     -1.04325
      4.60000
      3.42978
     -1.03652
      4.60000
      3.84223
     0.303474
      4.60000
      3.90949
      1.15769
      4.60000
      4.00924
    -0.669843
      4.60000
      5.10780
    -0.438155
      4.60000
      6.08982
     0.404795
      4.60000
  0.000945387
    -0.109379
      4.61000
    0.0517708
     0.665431
      4.61000
      1.09397
     0.873532
      4.61000
      2.07426
    -0.316336
      4.61000
      2.89043
     -1.08007
      4.61000
      5.04400
    -0.281745
      4.61000
      5.36694
     0.609265
      4.61000
     0.472882
    0.0470172
      4.62000
      1.42721
    -0.128723
      4.62000
      1.98414
    -0.463841
      4.62000
      2.26352
    -0.119967
      4.62000
      2.40746
    -0.645704
      4.62000
      3.01077
    -0.937445
      4.62000
      3.35414
     -1.02282
      4.62000
      4.05226
    -0.169675
      4.62000
      4.14174
     0.745803
      4.62000
      4.59200
    -0.140635
      4.62000
      4.69144
   -0.0642960
      4.62000
      4.93600
    0.0710931
      4.62000
     0.221235
      1.02348
      4.63000
     0.757000
     0.365482
      4.63000
     0.757000
     0.365482
      4.63000
     0.806473
     0.684727
      4.63000
     0.959037
      1.23961
      4.63000
      1.56198
     0.351524
      4.63000
      2.05182
    -0.861368
      4.63000
      2.87918
     0.137474
      4.63000
      2.92292
     0.412606
      4.63000
      4.12508
     0.460321
      4.63000
      4.16870
     -1.00345
      4.63000
      4.28649
    -0.142210
      4.63000
      5.90473
     0.890622
      4.63000
      1.29642
     0.374325
      4.64000
      1.88746
    -0.483534
      4.64000
      1.91624
     0.862367
      4.64000
      1.96946
    -0.491281
      4.64000
      3.29195
    -0.688305
      4.64000
      4.07670
    -0.773704
      4.64000
      4.12317
    -0.444138
      4.64000
      4.69192
    0.0763436
      4.64000
      4.72340
     0.152212
      4.64000
      4.80853
     -1.08807
      4.64000
      4.82741
    -0.739748
      4.64000
      5.22282
     0.479563
      4.64000
     0.298088
     0.419824
      4.65000
      1.00119
    -0.434728
      4.65000
      1.17012
     0.255414
      4.65000
      1.26270
     0.174392
      4.65000
      1.54171
     -1.10165
      4.65000
      1.78461
     0.232216
      4.65000
      1.94963
    -0.536723
      4.65000
      3.31889
    -0.976362
      4.65000
      3.57934
    -0.888911
      4.65000
      3.61506
      1.13826
      4.65000
      4.17073
    -0.854348
      4.65000
      4.38209
    -0.185112
      4.65000
      4.51264
     0.652685
      4.65000
      4.76385
    -0.472611
      4.65000
      6.02004
     0.864083
      4.65000
     0.288314
     0.357846
      4.66000
     0.687572
     0.476155
      4.66000
      1.02826
    -0.424110
      4.66000
      1.72556
     0.174329
      4.66000
      1.87700
    -0.456927
      4.66000
      1.89695
    -0.637947
      4.66000
      2.25801
     0.380976
      4.66000
      2.72132
    -0.997082
      4.66000
      2.77046
     -1.02385
      4.66000
      3.12304
     0.125174
      4.66000
      3.29031
    -0.129945
      4.66000
      3.30326
    -0.842359
      4.66000
      3.56460
     0.963208
      4.66000
      4.92936
      1.03439
      4.66000
      5.06758
   0.00242892
      4.66000
      5.84760
    0.0151844
      4.66000
      6.25117
     0.429099
      4.66000
     0.456716
    -0.195147
      4.67000
     0.882322
     0.858052
      4.67000
      1.57790
    -0.260510
      4.67000
      2.36787
      1.11562
      4.67000
      4.07278
    -0.594905
      4.67000
      4.69321
     0.292454
      4.67000
      5.47666
    -0.569826
      4.67000
      5.66596
     0.885459
      4.67000
      1.30399
     0.266425
      4.68000
      1.79458
    -0.349221
      4.68000
      2.07752
   -0.0194604
      4.68000
      2.50122
    0.0890312
      4.68000
      4.21232
     -1.36910
      4.68000
      4.79171
    -0.156842
      4.68000
      5.11623
      1.21285
      4.68000
      5.36964
     0.250091
      4.68000
      5.63515
    -0.347568
      4.68000
     0.490438
     -1.18925
      4.69000
     0.523635
    -0.519701
      4.69000
      1.13863
     0.252859
      4.69000
      1.19360
     0.274366
      4.69000
      2.32697
    -0.913486
      4.69000
      2.43854
    -0.495780
      4.69000
      2.45537
    -0.382314
      4.69000
      3.31504
     -1.05474
      4.69000
      3.52018
    -0.100172
      4.69000
      4.70642
    -0.516346
      4.69000
      5.12877
     0.522251
      4.69000
      5.52169
     0.169796
      4.69000
      5.63928
    -0.144911
      4.69000
      5.74087
    -0.998270
      4.69000
      5.75148
   -0.0460428
      4.69000
      5.92629
    -0.337784
      4.69000
      6.04135
    -0.401416
      4.69000
     0.752077
     0.685260
      4.70000
     0.760760
     0.148508
      4.70000
      1.98155
    -0.438737
      4.70000
      2.59586
     0.148775
      4.70000
      3.01771
    -0.161428
      4.70000
      3.03358
    -0.596733
      4.70000
      3.53590
     0.864413
      4.70000
      4.81491
    -0.255337
      4.70000
      5.19111
    -0.463642
      4.70000
     0.381311
      1.02484
      4.71000
     0.606284
     0.869630
      4.71000
      1.08245
     0.702156
      4.71000
      1.36181
     0.698311
      4.71000
      1.37959
    -0.372458
      4.71000
      1.41657
   -0.0204349
      4.71000
      2.03052
    -0.817255
      4.71000
      2.37725
     -1.22411
      4.71000
      2.76239
     0.567159
      4.71000
      2.82841
     0.763102
      4.71000
      3.40549
    -0.836488
      4.71000
      3.62334
     -1.10299
      4.71000
      5.18974
     0.143161
      4.71000
      5.54960
    -0.568808
      4.71000
      6.00050
      1.46278
      4.71000
      6.14375
    -0.374674
      4.71000
      6.15096
    -0.753425
      4.71000
     0.905950
     -1.10462
      4.72000
      1.32556
     -1.00547
      4.72000
      2.12310
    -0.220440
      4.72000
      2.43065
    -0.445752
      4.72000
      3.06929
     -1.15643
      4.72000
      3.13796
     -1.09273
      4.72000
      3.91960
    -0.814366
      4.72000
      4.18627
    -0.783687
      4.72000
      4.87295
    -0.159669
      4.72000
     0.114544
     0.941959
      4.73000
     0.897339
   -0.0945629
      4.73000
     0.981341
    -0.661931
      4.73000
      1.38168
  -0.00839697
      4.73000
      3.05299
    -0.310576
      4.73000
      3.46037
     0.717316
      4.73000
      3.61043
    -0.548620
      4.73000
      4.39360
    -0.736451
      4.73000
      4.50067
  -0.00580322
      4.73000
      5.44220
    -0.163339
      4.73000
      5.65154
      1.07566
      4.73000
      5.65956
    -0.337236
      4.73000
      5.67087
     0.493768
      4.73000
     0.344099
      1.17998
      4.74000
      1.25172
     0.245815
      4.74000
      1.50194
     0.650601
      4.74000
      2.70606
     0.598745
      4.74000
      2.73935
     -1.24753
      4.74000
      2.86551
   -0.0339660
      4.74000
      3.20994
     0.320190
      4.74000
      3.46086
    -0.309883
      4.74000
      3.61013
     0.609808
      4.74000
      4.08487
    -0.337804
      4.74000
      5.09660
     0.597606
      4.74000
      5.48218
     0.822583
      4.74000
      5.96849
      1.44205
      4.74000
      6.16305
    -0.803647
      4.74000
     0.471413
     0.328185
      4.75000
     0.642921
    -0.273731
      4.75000
     0.680620
    -0.756091
      4.75000
     0.726501
    -0.373782
      4.75000
     0.746615
     -1.31730
      4.75000
      2.12953
    -0.745057
      4.75000
      2.73754
     0.714543
      4.75000
      3.67939
    -0.924370
      4.75000
      3.72027
     0.904575
      4.75000
      4.08542
    -0.600204
      4.75000
      4.95687
    -0.737174
      4.75000
      6.08472
      1.17922
      4.75000
     0.170802
    -0.194677
      4.76000
     0.322740
     0.466677
      4.76000
     0.776766
     0.982853
      4.76000
      1.42339
     0.560566
      4.76000
      1.88442
    -0.839450
      4.76000
      2.12647
     -1.06463
      4.76000
      2.32797
      1.18716
      4.76000
      3.49989
    -0.269741
      4.76000
      3.92913
     0.838514
      4.76000
      4.13151
     0.371377
      4.76000
      4.18740
     0.808335
      4.76000
      4.21197
     0.641321
      4.76000
      4.68484
    -0.415510
      4.76000
      5.30195
    -0.228182
      4.76000
      5.35511
     -1.06323
      4.76000
      6.03115
     0.435082
      4.76000
     0.116035
    -0.861431
      4.77000
     0.208989
   -0.0294476
      4.77000
      1.75362
     0.142162
      4.77000
      2.25993
    -0.819607
      4.77000
      2.51642
    -0.403811
      4.77000
      2.98977
   -0.0427897
      4.77000
      3.72770
    -0.780603
      4.77000
      3.74082
    -0.476388
      4.77000
      4.18385
    -0.193688
      4.77000
      4.59315
    -0.861383
      4.77000
      4.84700
     0.994295
      4.77000
      5.02618
     0.370247
      4.77000
      5.22253
    -0.667016
      4.77000
      1.15556
     0.278841
      4.78000
      1.24763
     0.637641
      4.78000
      1.44057
    -0.105917
      4.78000
      1.51515
    0.0319541
      4.78000
      2.13678
    -0.621289
      4.78000
      2.93949
     0.676039
      4.78000
      3.37712
     0.313257
      4.78000
      4.24156
    -0.495068
      4.78000
      4.50093
     -1.18100
      4.78000
      5.28410
     0.441331
      4.78000
      5.33703
    -0.316675
      4.78000
      5.45288
     0.768095
      4.78000
      6.26773
     -1.35469
      4.78000
     0.490234
     0.403316
      4.79000
      1.00037
   -0.0567281
      4.79000
      1.28841
    -0.221390
      4.79000
      1.71125
     0.743108
      4.79000
      1.88669
    -0.403830
      4.79000
      2.06683
    -0.524743
      4.79000
      2.42145
    -0.201634
      4.79000
      2.52961
    -0.476679
      4.79000
      2.68036
     0.348688
      4.79000
      3.35606
    -0.157007
      4.79000
      4.29408
    -0.434500
      4.79000
      4.86786
     -1.13385
      4.79000
      5.79399
      1.25399
      4.79000
      5.80144
    -0.730318
      4.79000
      5.85906
    0.0732020
      4.79000
      5.92129
     0.502403
      4.79000
    0.0411316
     0.342967
      4.80000
     0.159189
     0.872039
      4.80000
     0.833286
    -0.160415
      4.80000
     0.948099
      1.10007
      4.80000
      1.12717
     0.300415
      4.80000
      1.45755
    -0.126861
      4.80000
      1.60495
      1.21048
      4.80000
      2.36316
      1.17881
      4.80000
      2.42426
    -0.159373
      4.80000
      3.22522
     0.909598
      4.80000
      3.41378
     0.491509
      4.80000
      3.44034
     -1.17573
      4.80000
      3.45817
     0.104662
      4.80000
      4.61437
      1.20086
      4.80000
      6.25407
     0.887180
      4.80000
     0.100226
    -0.585718
      4.81000
      1.29412
    -0.127768
      4.81000
      1.60723
    -0.958991
      4.81000
      2.43711
     -1.08173
      4.81000
      2.48197
     0.699276
      4.81000
      3.21786
     0.460786
      4.81000
      3.27192
     0.404567
      4.81000
      3.72527
     0.627809
      4.81000
      3.76576
   -0.0310620
      4.81000
      3.83548
     0.470415
      4.81000
      3.91707
     0.443372
      4.81000
      4.56104
    -0.416877
      4.81000
      4.63904
    -0.699145
      4.81000
      4.79701
    -0.359455
      4.81000
      5.29751
     0.658372
      4.81000
      5.83247
     0.485667
      4.81000
      5.87409
     -1.09076
      4.81000
     0.205498
      1.05725
      4.82000
     0.534282
     0.652487
      4.82000
     0.839823
     0.590915
      4.82000
      1.32633
     0.269998
      4.82000
      1.53497
     0.452767
      4.82000
      1.72223
    -0.245325
      4.82000
      2.09034
     -1.10462
      4.82000
      2.17926
    -0.840711
      4.82000
      2.76030
    -0.224527
      4.82000
      2.78679
     -1.11602
      4.82000
      2.79469
     -1.10717
      4.82000
      3.23377
    -0.888310
      4.82000
      3.54745
     0.642344
      4.82000
      3.70547
      1.36166
      4.82000
      3.91960
    -0.814366
      4.82000
      3.95364
    -0.770088
      4.82000
      4.13409
     0.627751
      4.82000
      4.26300
    0.0220590
      4.82000
      4.39085
     0.805600
      4.82000
      4.43220
   -0.0710834
      4.82000
      4.51006
     0.579585
      4.82000
      4.82451
      1.14322
      4.82000
      4.95509
      1.24204
      4.82000
      5.38458
     0.363901
      4.82000
      5.56047
    -0.719638
      4.82000
      5.87022
    -0.195297
      4.82000
      6.18096
    -0.320636
      4.82000
     0.214072
      1.01982
      4.83000
     0.356345
     0.783488
      4.83000
     0.471413
     0.328224
      4.83000
     0.493943
    -0.835552
      4.83000
     0.553909
     0.763800
      4.83000
     0.846986
    0.0524229
      4.83000
      1.36955
    -0.610744
      4.83000
      1.36935
     -1.17457
      4.83000
      1.78557
    -0.350821
      4.83000
      1.85656
    -0.689318
      4.83000
      2.17051
    -0.571353
      4.83000
      2.39544
     0.950070
      4.83000
      2.69669
    -0.718145
      4.83000
      2.96513
    -0.179958
      4.83000
      3.69066
     0.446198
      4.83000
      3.82389
     0.247090
      4.83000
      4.18001
     0.402856
      4.83000
      4.36430
      1.13060
      4.83000
      4.63681
    -0.552726
      4.83000
      4.89584
     0.463472
      4.83000
      4.92240
    -0.399118
      4.83000
      4.93800
    -0.104303
      4.83000
      5.20484
    -0.461926
      4.83000
      5.28030
     0.811806
      4.83000
     0.370635
    0.0982330
      4.84000
     0.513876
     0.730440
      4.84000
     0.675122
    -0.214617
      4.84000
     0.715585
     -1.18747
      4.84000
     0.834202
      1.13947
      4.84000
      1.08429
     0.157259
      4.84000
      1.98938
    -0.664587
      4.84000
      2.09848
     0.903993
      4.84000
      2.72372
     0.985995
      4.84000
      2.73407
      1.33044
      4.84000
      2.85970
    0.0725087
      4.84000
      4.31063
     0.204252
      4.84000
      5.43465
     0.798367
      4.84000
      5.49218
    -0.353434
      4.84000
      5.76236
    0.0797567
      4.84000
     0.488634
    -0.401688
      4.85000
      1.10967
     0.807389
      4.85000
      1.94433
    -0.398221
      4.85000
      2.80653
     -1.11450
      4.85000
      3.05489
     0.153836
      4.85000
      3.39363
    -0.855027
      4.85000
      3.43164
    -0.650533
      4.85000
      4.26820
     0.543214
      4.85000
      4.37815
     0.994149
      4.85000
      5.01524
    -0.443823
      4.85000
      5.92409
    -0.731914
      4.85000
      5.93192
    -0.942934
      4.85000
      6.03179
      1.02764
      4.85000
      6.07857
     0.845942
      4.85000
     0.315810
     -1.21138
      4.86000
     0.657226
    0.0900057
      4.86000
      1.33772
     0.669615
      4.86000
      1.46396
     0.287669
      4.86000
      1.49609
     0.428197
      4.86000
      2.23823
     -1.00641
      4.86000
      2.26699
    -0.920744
      4.86000
      2.64044
    -0.895713
      4.86000
      3.23301
     -1.09201
      4.86000
      3.73073
     0.292604
      4.86000
      3.82547
     0.149914
      4.86000
      3.96712
     -1.10376
      4.86000
      4.66654
    -0.773622
      4.86000
      4.78166
    0.0581582
      4.86000
      5.15103
    -0.349095
      4.86000
      6.25506
   -0.0717476
      4.86000
     0.571363
     0.589340
      4.87000
     0.790140
      1.29178
      4.87000
      1.08925
    -0.183337
      4.87000
      1.52491
    -0.590329
      4.87000
      1.73398
      1.03922
      4.87000
      2.93585
     0.560110
      4.87000
      3.44910
     -1.15637
      4.87000
      4.44292
    -0.593102
      4.87000
      4.58278
     0.964139
      4.87000
      4.61394
    -0.377592
      4.87000
      4.87656
    -0.623786
      4.87000
      4.93258
    -0.926237
      4.87000
      4.93919
    -0.649922
      4.87000
      6.20537
      1.01395
      4.87000
     0.333569
     0.785481
      4.88000
     0.846252
    -0.399273
      4.88000
      1.23559
     0.651211
      4.88000
      1.40336
     0.381384
      4.88000
      2.00858
     0.327322
      4.88000
      2.25619
    -0.271990
      4.88000
      2.57294
    -0.444395
      4.88000
      3.30226
     0.188263
      4.88000
      4.15644
    -0.244186
      4.88000
      4.58238
     0.964338
      4.88000
      4.67177
    -0.727836
      4.88000
      5.36343
     -1.07989
      4.88000
      5.91131
     0.672471
      4.88000
      6.25672
     0.963393
      4.88000
    0.0269435
    -0.279548
      4.89000
     0.188336
     0.880044
      4.89000
     0.615745
    -0.222379
      4.89000
     0.825330
     0.360827
      4.89000
      1.87723
    -0.785553
      4.89000
      2.24954
    -0.509723
      4.89000
      2.31795
    -0.476422
      4.89000
      2.73788
    -0.928641
      4.89000
      2.75995
    -0.469397
      4.89000
      4.17461
    -0.668868
      4.89000
      4.43085
      1.13948
      4.89000
      5.15164
     0.647735
      4.89000
      5.37352
   -0.0505515
      4.89000
      5.42187
    -0.813265
      4.89000
     0.352127
    -0.263874
      4.90000
     0.652164
    -0.500415
      4.90000
      1.63618
   -0.0506485
      4.90000
      1.79037
     0.789311
      4.90000
      1.85344
     0.689119
      4.90000
      1.97501
     0.607617
      4.90000
      3.08469
     -1.12835
      4.90000
      3.35265
     0.380283
      4.90000
      3.38371
     0.546715
      4.90000
      4.34601
     0.857374
      4.90000
      4.87852
    -0.146157
      4.90000
      5.09548
    -0.843251
      4.90000
      5.42677
    -0.596025
      4.90000
      5.63170
     0.664718
      4.90000
      5.97860
     0.144557
      4.90000
     0.680388
     0.694137
      4.91000
      1.16396
  -0.00450877
      4.91000
      1.29629
    -0.352513
      4.91000
      1.47177
    0.0248903
      4.91000
      1.50068
     0.220256
      4.91000
      1.64583
     0.861126
      4.91000
      2.76507
    -0.285487
      4.91000
      3.06195
    -0.697366
      4.91000
      3.11828
     -1.35551
      4.91000
      3.33907
    -0.583885
      4.91000
      3.59967
     0.379793
      4.91000
      3.68865
    -0.276281
      4.91000
      3.68988
     -1.40567
      4.91000
      3.96405
    -0.543597
      4.91000
      4.26606
     -1.21927
      4.91000
      4.45382
     0.224764
      4.91000
      5.34255
   -0.0561657
      4.91000
      5.41291
     0.434810
      4.91000
      5.73267
      1.10216
      4.91000
      6.13226
      1.01225
      4.91000
      1.85555
   -0.0712240
      4.92000
      2.33231
     -1.02701
      4.92000
      3.43854
     -1.02222
      4.92000
      3.44345
     0.710044
      4.92000
      3.73261
     -1.01233
      4.92000
      3.83471
    -0.606822
      4.92000
      3.90792
    -0.141760
      4.92000
      4.18716
    -0.340834
      4.92000
      4.93382
     0.882851
      4.92000
      5.20563
     0.910597
      4.92000
      5.42443
     0.593524
      4.92000
      5.77830
    -0.576647
      4.92000
     0.754251
     0.607069
      4.93000
      1.07981
    -0.737479
      4.93000
      1.10791
     0.599089
      4.93000
      1.57307
    -0.287587
      4.93000
      1.72770
    -0.840037
      4.93000
      1.83824
    -0.862852
      4.93000
      2.07144
   -0.0594624
      4.93000
      2.29657
    -0.784273
      4.93000
      2.74323
     -1.26898
      4.93000
      3.29949
     -1.03213
      4.93000
      3.38786
     0.993185
      4.93000
      3.93968
     0.440846
      4.93000
      4.95778
     0.558602
      4.93000
      4.97270
    -0.649384
      4.93000
      5.26091
     0.637831
      4.93000
      6.19137
     0.502786
      4.93000
     0.165501
     0.811185
      4.94000
     0.413090
     0.699363
      4.94000
     0.552251
     0.520709
      4.94000
      1.09693
     0.354869
      4.94000
      1.27613
     0.658673
      4.94000
      1.36688
     0.383851
      4.94000
      1.97741
    -0.912991
      4.94000
      1.98886
    -0.262357
      4.94000
      2.08295
     0.489996
      4.94000
      2.40711
    -0.665896
      4.94000
      2.52081
    -0.409571
      4.94000
      2.57503
    -0.323506
      4.94000
      2.88203
    -0.466943
      4.94000
      3.03759
     -1.07400
      4.94000
      3.27469
      1.23173
      4.94000
      3.34592
     0.490176
      4.94000
      3.53021
    0.0728239
      4.94000
      3.82238
     0.294035
      4.94000
      3.84064
    -0.436657
      4.94000
      3.86516
   -0.0328558
      4.94000
      4.00891
    -0.173883
      4.94000
      4.21317
    -0.948965
      4.94000
      4.21729
    -0.171130
      4.94000
      4.30649
    -0.765036
      4.94000
      5.20233
     0.667079
      4.94000
      5.23479
    -0.927938
      4.94000
      5.96694
     0.746666
      4.94000
      6.11653
    0.0123579
      4.94000
      6.28050
    -0.193140
      4.94000
     0.417541
     0.734987
      4.95000
     0.849714
     0.749939
      4.95000
      1.10916
     0.473188
      4.95000
      1.39432
    0.0306257
      4.95000
      1.46506
   -0.0206191
      4.95000
      1.55830
    -0.184990
      4.95000
      1.59823
     0.281924
      4.95000
      1.80468
    -0.848041
      4.95000
      2.97925
    0.0594624
      4.95000
      3.19083
     0.427630
      4.95000
      3.23497
     0.485589
      4.95000
      3.25386
      1.21746
      4.95000
      3.41939
    -0.394154
      4.95000
      4.16878
     0.960493
      4.95000
      4.27789
      1.32620
      4.95000
      4.78249
     0.382557
      4.95000
      5.11168
    -0.126536
      4.95000
      5.17823
     0.390178
      4.95000
      5.27809
     0.259928
      4.95000
      5.35362
     0.848497
      4.95000
      5.98668
     0.858697
      4.95000
      6.20061
     0.800495
      4.95000
     0.308371
    -0.803996
      4.96000
      1.87645
      1.44172
      4.96000
      1.91035
    -0.328573
      4.96000
      3.20822
    0.0675346
      4.96000
      4.07694
    -0.410031
      4.96000
      4.07697
      1.35582
      4.96000
      4.34495
    -0.306281
      4.96000
      4.70045
     0.376923
      4.96000
      4.81863
    -0.802536
      4.96000
      5.02560
    -0.333896
      4.96000
      5.20987
      1.02239
      4.96000
     0.942631
     0.587202
      4.97000
      1.04580
     -1.07091
      4.97000
      1.14634
     0.281628
      4.97000
      1.53614
    -0.648133
      4.97000
      1.96003
    -0.249713
      4.97000
      2.03932
     0.471670
      4.97000
      2.35929
    0.0958525
      4.97000
      2.47206
     0.204950
      4.97000
      2.69184
      1.15318
      4.97000
      3.07682
     -1.21597
      4.97000
      3.50919
    -0.397315
      4.97000
      3.59728
    -0.307808
      4.97000
      3.76256
    -0.506882
      4.97000
      4.74790
     0.547689
      4.97000
      5.06225
     0.513573
      4.97000
      5.28306
     0.637040
      4.97000
     0.321955
      1.00716
      4.98000
     0.407309
     0.765807
      4.98000
     0.539859
     0.444482
      4.98000
     0.876759
     0.850223
      4.98000
      1.60873
      1.07421
      4.98000
      1.89590
    -0.425443
      4.98000
      2.24836
    -0.211563
      4.98000
      3.50610
     0.249805
      4.98000
      3.53574
     0.657897
      4.98000
      4.44426
     0.248462
      4.98000
      4.73691
    -0.414016
      4.98000
      4.81034
      1.02525
      4.98000
      4.93610
    0.0710688
      4.98000
      6.08143
    -0.177282
      4.98000
      6.11036
      1.07746
      4.98000
      6.14788
     0.537096
      4.98000
     0.426159
   -0.0731972
      4.99000
     0.472221
      1.19021
      4.99000
     0.771894
     -1.12519
      4.99000
      1.38690
     0.650867
      4.99000
      1.39010
     0.301777
      4.99000
      1.51174
     0.971862
      4.99000
      1.77690
    -0.597761
      4.99000
      1.82364
   -0.0714567
      4.99000
      1.92066
     0.165341
      4.99000
      1.98333
      1.02877
      4.99000
      2.13251
    -0.270293
      4.99000
      2.20823
    -0.774757
      4.99000
      2.70527
     -1.15882
      4.99000
      2.86044
     0.115866
      4.99000
      2.95545
     0.768493
      4.99000
      3.31801
     0.802624
      4.99000
      4.15690
    -0.723570
      4.99000
      4.17760
     0.525882
      4.99000
      4.23035
    -0.869489
      4.99000
      4.92651
    -0.397867
      4.99000
      4.97270
    -0.649384
      4.99000
      5.02713
      1.00413
      4.99000
      5.16020
     0.584593
      4.99000
      5.22720
    -0.564386
      4.99000
      5.77084
    -0.602686
      4.99000
     0.952383
    -0.563004
      5.00000
     0.997477
      1.06144
      5.00000
      1.30395
     0.898234
      5.00000
      1.31571
     0.323075
      5.00000
      1.38569
    0.0601848
      5.00000
      1.79562
    -0.242848
      5.00000
      1.86588
     0.284988
      5.00000
      2.38867
    -0.775949
      5.00000
      2.49552
     0.127133
      5.00000
      2.77469
      1.21474
      5.00000
      2.95993
    -0.621618
      5.00000
      3.19166
     0.586785
      5.00000
      3.20120
    -0.952727
      5.00000
      3.23753
     0.477861
      5.00000
      3.99318
    -0.830142
      5.00000
      4.17700
    -0.446567
      5.00000
      4.20432
     0.302175
      5.00000
      4.31173
      1.20401
      5.00000
      4.52000
     0.316947
      5.00000
      4.73187
     0.758326
      5.00000
      5.10591
     0.341299
      5.00000
      5.16852
     0.329712
      5.00000
      5.56203
     0.759655
      5.00000
      6.00336
     0.984521
      5.00000
      6.17235
    -0.257868
      5.00000
      6.24975
     -1.13190
      5.00000
